{
    "fl_x": 1137.7777777777778,
    "fl_y": 1137.7777777777778,
    "k1": 0.0,
    "k2": 0.0,
    "p1": 0.0,
    "p2": 0.0,
    "cx": 512.0,
    "cy": 512.0,
    "w": 1024.0,
    "h": 1024.0,
    "aabb_scale": 1,
    "frames": [
        {
            "file_path": "images_train/0000.png",
            "transform_matrix": [
                [
                    0.10390589386224747,
                    -0.03702998906373978,
                    0.993897557258606,
                    1.987795114517212
                ],
                [
                    0.9945871233940125,
                    0.003868573810905218,
                    -0.10383384674787521,
                    -0.20766769349575043
                ],
                [
                    2.3283064365386963e-10,
                    0.9993066787719727,
                    0.03723151609301567,
                    0.07446303218603134
                ],
                [
                    0.0,
                    0.0,
                    0.0,
                    1.0
                ]
            ]
        },
        {
            "file_path": "images_train/0001.png",
            "transform_matrix": [
                [
                    0.14234285056591034,
                    0.25478705763816833,
                    -0.9564633369445801,
                    -1.9129266738891602
                ],
                [
                    -0.9898175001144409,
                    0.03664020821452141,
                    -0.13754628598690033,
                    -0.27509257197380066
                ],
                [
                    3.725290742551124e-09,
                    0.966302752494812,
                    0.25740814208984375,
                    0.5148162841796875
                ],
                [
                    0.0,
                    0.0,
                    0.0,
                    1.0
                ]
            ]
        },
        {
            "file_path": "images_train/0002.png",
            "transform_matrix": [
                [
                    0.9820666909217834,
                    -0.006535621825605631,
                    0.18842090666294098,
                    0.37684181332588196
                ],
                [
                    0.1885342299938202,
                    0.034043774008750916,
                    -0.981476366519928,
                    -1.962952733039856
                ],
                [
                    -4.656612873077393e-10,
                    0.9993990063667297,
                    0.034665439277887344,
                    0.06933087855577469
                ],
                [
                    0.0,
                    0.0,
                    0.0,
                    1.0
                ]
            ]
        },       
        {
            "file_path": "images_train/0003.png",
            "transform_matrix": [
                [
                    0.9195621013641357,
                    -0.3655167520046234,
                    0.14423295855522156,
                    0.2884659171104431
                ],
                [
                    0.39294490218162537,
                    0.8553752899169922,
                    -0.3375312089920044,
                    -0.6750624179840088
                ],
                [
                    7.450581485102248e-09,
                    0.3670564591884613,
                    0.9301986694335938,
                    1.8603973388671875
                ],
                [
                    0.0,
                    0.0,
                    0.0,
                    1.0
                ]
            ]
        },        
        {
            "file_path": "images_train/0004.png",
            "transform_matrix": [
                [
                    -0.9904718399047852,
                    0.07722736150026321,
                    -0.11402388662099838,
                    -0.22804777324199677
                ],
                [
                    -0.13771532475948334,
                    -0.5554322004318237,
                    0.8200790286064148,
                    1.6401580572128296
                ],
                [
                    7.4505797087454084e-09,
                    0.8279680609703064,
                    0.5607753396034241,
                    1.1215506792068481
                ],
                [
                    0.0,
                    0.0,
                    0.0,
                    1.0
                ]
            ]
        },        
        {
            "file_path": "images_train/0005.png",
            "transform_matrix": [
                [
                    -0.5946140289306641,
                    0.7666521668434143,
                    -0.24223655462265015,
                    -0.4844731092453003
                ],
                [
                    -0.8040112853050232,
                    -0.5669847726821899,
                    0.17914830148220062,
                    0.35829660296440125
                ],
                [
                    0.0,
                    0.3012850880622864,
                    0.9535341262817383,
                    1.9070682525634766
                ],
                [
                    0.0,
                    0.0,
                    0.0,
                    1.0
                ]
            ]
        },        
        {
            "file_path": "images_train/0006.png",
            "transform_matrix": [
                [
                    -0.8748830556869507,
                    -0.29886394739151,
                    0.38113000988960266,
                    0.7622600197792053
                ],
                [
                    0.4843343496322632,
                    -0.5398564338684082,
                    0.6884586811065674,
                    1.3769173622131348
                ],
                [
                    1.4901161193847656e-08,
                    0.786915123462677,
                    0.6170612573623657,
                    1.2341225147247314
                ],
                [
                    0.0,
                    0.0,
                    0.0,
                    1.0
                ]
            ]
        },        
        {
            "file_path": "images_train/0007.png",
            "transform_matrix": [
                [
                    -0.10363415628671646,
                    -0.9944978356361389,
                    0.015296141617000103,
                    0.030592283234000206
                ],
                [
                    0.9946154952049255,
                    -0.10362190008163452,
                    0.0015937845455482602,
                    0.0031875690910965204
                ],
                [
                    -1.1641532182693481e-10,
                    0.015378892421722412,
                    0.9998817443847656,
                    1.9997634887695312
                ],
                [
                    0.0,
                    0.0,
                    0.0,
                    1.0
                ]
            ]
        },        
        {
            "file_path": "images_train/0008.png",
            "transform_matrix": [
                [
                    0.6458176374435425,
                    -0.5239916443824768,
                    0.5552948117256165,
                    1.110589623451233
                ],
                [
                    0.763491690158844,
                    0.44323083758354187,
                    -0.4697093665599823,
                    -0.9394187331199646
                ],
                [
                    0.0,
                    0.72730952501297,
                    0.6863095760345459,
                    1.3726191520690918
                ],
                [
                    0.0,
                    0.0,
                    0.0,
                    1.0
                ]
            ]
        },        
        {
            "file_path": "images_train/0009.png",
            "transform_matrix": [
                [
                    0.9855461120605469,
                    0.0742163136601448,
                    -0.1522851437330246,
                    -0.3045702576637268
                ],
                [
                    -0.16940726339817047,
                    0.43176189064979553,
                    -0.8859362602233887,
                    -1.7718722820281982
                ],
                [
                    -7.4505797087454084e-09,
                    0.8989291787147522,
                    0.4380940794944763,
                    0.8761880397796631
                ],
                [
                    0.0,
                    0.0,
                    0.0,
                    1.0
                ]
            ]
        },
        {
            "file_path": "images_train/0010.png",
            "transform_matrix": [
                [
                    -0.5812671780586243,
                    -0.41318070888519287,
                    -0.7010065913200378,
                    -1.4020131826400757
                ],
                [
                    -0.8137128353118896,
                    0.2951512634754181,
                    0.5007566809654236,
                    1.0015133619308472
                ],
                [
                    -1.4901161193847656e-08,
                    0.8614914417266846,
                    -0.5077721476554871,
                    -1.0155442953109741
                ],
                [
                    0.0,
                    0.0,
                    0.0,
                    1.0
                ]
            ]
        },
        {
            "file_path": "images_train/0011.png",
            "transform_matrix": [
                [
                    -0.3904043138027191,
                    0.3346109390258789,
                    0.8576829433441162,
                    1.7153658866882324
                ],
                [
                    0.9206435680389404,
                    0.14189372956752777,
                    0.36370548605918884,
                    0.7274109721183777
                ],
                [
                    0.0,
                    0.9316124320030212,
                    -0.36345329880714417,
                    -0.7269065976142883
                ],
                [
                    0.0,
                    0.0,
                    0.0,
                    1.0
                ]
            ]
        },
        {
            "file_path": "images_train/0012.png",
            "transform_matrix": [
                [
                    0.980228066444397,
                    0.03976813703775406,
                    0.19383350014686584,
                    0.3876670002937317
                ],
                [
                    0.19787099957466125,
                    -0.19700635969638824,
                    -0.960226833820343,
                    -1.920453667640686
                ],
                [
                    0.0,
                    0.9795953035354614,
                    -0.20098012685775757,
                    -0.40196025371551514
                ],
                [
                    0.0,
                    0.0,
                    0.0,
                    1.0
                ]
            ]
        },
        {
            "file_path": "images_train/0013.png",
            "transform_matrix": [
                [
                    -0.9915353059768677,
                    0.12980888783931732,
                    -0.002721333410590887,
                    -0.005442666355520487
                ],
                [
                    -0.12983740866184235,
                    -0.9913174510002136,
                    0.02078213170170784,
                    0.04156425967812538
                ],
                [
                    0.0,
                    0.020961612462997437,
                    0.9997804164886475,
                    1.9995605945587158
                ],
                [
                    0.0,
                    0.0,
                    0.0,
                    1.0
                ]
            ]
        },
        {
            "file_path": "images_train/0014.png",
            "transform_matrix": [
                [
                    0.8818898797035217,
                    0.08428793400526047,
                    -0.4638596773147583,
                    -0.9277193546295166
                ],
                [
                    -0.471455454826355,
                    0.1576663702726364,
                    -0.8676814436912537,
                    -1.7353628873825073
                ],
                [
                    -7.450580596923828e-09,
                    0.9838886260986328,
                    0.1787823885679245,
                    0.357564777135849
                ],
                [
                    0.0,
                    0.0,
                    0.0,
                    1.0
                ]
            ]
        }
    ]
}